1 0.45390625 0.45078125 0.0578125 0.0546875
1 0.4796875 0.51640625 0.05 0.0578125
1 0.46484375 0.57109375 0.0359375 0.0453125
1 0.39921875 0.58671875 0.0484375 0.0484375
1 0.68515625 0.35234375 0.0390625 0.0453125
1 0.67890625 0.51328125 0.0546875 0.0546875
1 0.71171875 0.59375 0.0578125 0.0625
1 0.72578125 0.42421875 0.0484375 0.0546875
1 0.66484375 0.69921875 0.0546875 0.0578125
1 0.7125 0.8078125 0.03125 0.071875
1 0.68984375 0.65390625 0.0390625 0.0390625
1 0.81484375 0.66328125 0.0484375 0.0390625
1 0.56484375 0.64765625 0.0484375 0.0453125
1 0.64765625 0.31015625 0.0265625 0.0484375
1 0.65234375 0.27734375 0.0359375 0.0359375
1 0.94609375 0.6671875 0.0453125 0.040625