1 0.31796875 0.53671875 0.0265625 0.0265625
1 0.08359375 0.4515625 0.0671875 0.125
1 0.2453125 0.31796875 0.04375 0.0359375
1 0.05625 0.30859375 0.03125 0.0359375
1 0.31953125 0.30546875 0.0578125 0.0578125
1 0.74296875 0.29453125 0.0234375 0.0265625
1 0.7265625 0.2578125 0.03125 0.03125
1 0.22734375 0.16953125 0.0265625 0.0265625
1 0.12734375 0.13828125 0.0234375 0.0265625
1 0.54921875 0.13359375 0.0546875 0.0890625
1 0.39296875 0.09140625 0.0703125 0.1734375
1 0.06953125 0.63828125 0.0859375 0.1796875