1 0.140625 0.8796875 0.05 0.0625
1 0.09609375 0.8390625 0.0484375 0.04375
1 0.2328125 0.79921875 0.0625 0.0546875
1 0.1984375 0.49296875 0.040625 0.0390625
1 0.21171875 0.43046875 0.0390625 0.0578125
1 0.11796875 0.43984375 0.0390625 0.0390625
1 0.03125 0.45078125 0.04375 0.0359375
1 0.03125 0.49296875 0.04375 0.0390625
1 0.09140625 0.55546875 0.0484375 0.0484375
1 0.88671875 0.34140625 0.0578125 0.0484375
1 0.9578125 0.3171875 0.05 0.04375
1 0.76328125 0.390625 0.0546875 0.05
1 0.61640625 0.43984375 0.0546875 0.0484375
1 0.4796875 0.4890625 0.05 0.05
1 0.33671875 0.5359375 0.0578125 0.04375
1 0.54453125 0.11796875 0.0546875 0.0390625
1 0.5109375 0.0828125 0.05 0.05
1 0.8078125 0.58515625 0.053125 0.0546875
1 0.66796875 0.63828125 0.0578125 0.0453125
1 0.4015625 0.125 0.053125 0.04375
1 0.84140625 0.14921875 0.0578125 0.0390625
1 0.4171875 0.95546875 0.05 0.0453125
1 0.015625 0.2765625 0.021875 0.053125
1 0.3796875 0.734375 0.04375 0.040625
1 0.703125 0.19609375 0.040625 0.0359375
1 0.97578125 0.0828125 0.0390625 0.05