1 0.90625 0.19453125 0.053125 0.0390625
1 0.7859375 0.18828125 0.04375 0.0359375
1 0.5921875 0.18046875 0.09375 0.0390625
1 0.33515625 0.171875 0.0984375 0.03125
1 0.47109375 0.33671875 0.1203125 0.0390625
1 0.74765625 0.35078125 0.0671875 0.0390625
1 0.65703125 0.34921875 0.0890625 0.0359375
1 0.328125 0.3421875 0.05 0.03125
1 0.33515625 0.53984375 0.1421875 0.0546875
1 0.87265625 0.1953125 0.0234375 0.03125
1 0.8328125 0.19609375 0.03125 0.0265625
1 0.80390625 0.54921875 0.1421875 0.0359375
1 0.6515625 0.546875 0.14375 0.03125
1 0.4734375 0.53828125 0.115625 0.0390625
1 0.4953125 0.59609375 0.0625 0.0578125
1 0.4484375 0.68515625 0.05 0.0578125
1 0.45546875 0.75859375 0.0359375 0.0546875
1 0.53984375 0.79921875 0.0703125 0.0453125