1 0.49296875 0.4 0.0484375 0.03125
1 0.52890625 0.43125 0.0390625 0.03125
1 0.4578125 0.46484375 0.05 0.0265625
1 0.525 0.45546875 0.03125 0.0171875
1 0.40859375 0.6140625 0.0578125 0.040625
1 0.3421875 0.63046875 0.03125 0.0265625
1 0.3328125 0.65234375 0.05 0.0265625
1 0.36796875 0.68125 0.0484375 0.03125
1 0.71640625 0.7125 0.0578125 0.03125
1 0.59609375 0.13828125 0.0234375 0.0265625
1 0.7265625 0.23203125 0.03125 0.0359375
1 0.34140625 0.359375 0.0390625 0.03125
1 0.6859375 0.14765625 0.03125 0.0359375