1 0.071875 0.46640625 0.125 0.1921875
1 0.34609375 0.53203125 0.0390625 0.0265625
1 0.11875 0.609375 0.09375 0.084375
1 0.14296875 0.68984375 0.0546875 0.0484375
1 0.83046875 0.69453125 0.0546875 0.0390625
1 0.828125 0.7390625 0.040625 0.03125
1 0.3328125 0.75 0.040625 0.04375
1 0.40859375 0.75234375 0.0578125 0.0671875
1 0.15390625 0.78828125 0.0484375 0.0390625
1 0.05859375 0.85234375 0.0984375 0.1515625
1 0.68046875 0.88828125 0.0671875 0.0984375
1 0.52421875 0.92890625 0.1109375 0.1328125
1 0.265625 0.9484375 0.03125 0.03125