1 0.11171875 0.89765625 0.0546875 0.0546875
1 0.08671875 0.85078125 0.0484375 0.0390625
1 0.20625 0.8171875 0.0625 0.053125
1 0.0890625 0.625 0.04375 0.053125
1 0.11640625 0.5265625 0.0359375 0.04375
1 0.21640625 0.47734375 0.0390625 0.0546875
1 0.24140625 0.40859375 0.0546875 0.0578125
1 0.16328125 0.4015625 0.0390625 0.053125
1 0.08046875 0.4578125 0.0359375 0.05
1 0.08515625 0.40859375 0.0453125 0.0390625
1 0.08671875 0.21171875 0.0578125 0.0578125
1 0.53984375 0.0515625 0.0453125 0.05
1 0.44453125 0.08671875 0.0484375 0.0578125
1 0.83046875 0.38359375 0.0453125 0.0453125
1 0.96640625 0.34375 0.0484375 0.053125
1 0.68515625 0.20546875 0.0390625 0.0359375
1 0.81484375 0.16484375 0.0484375 0.0546875
1 0.94609375 0.11640625 0.0453125 0.0546875
1 0.72578125 0.65859375 0.0390625 0.0390625
1 0.33515625 0.53828125 0.0546875 0.0390625
1 0.4578125 0.50546875 0.040625 0.0359375
1 0.59375 0.69453125 0.04375 0.0390625
1 0.3390625 0.7703125 0.04375 0.040625
1 0.58046875 0.4640625 0.0453125 0.04375