1 0.80546875 0.5421875 0.0390625 0.040625
1 0.8171875 0.25859375 0.053125 0.0359375
1 0.94296875 0.234375 0.0359375 0.03125
1 0.9140625 0.19609375 0.03125 0.0453125
1 0.4890625 0.8953125 0.040625 0.03125
1 0.58671875 0.86640625 0.0390625 0.0359375
1 0.9484375 0.7609375 0.040625 0.040625
1 0.0625 0.65859375 0.04375 0.0390625
1 0.20546875 0.6203125 0.0359375 0.053125
1 0.7921875 0.60234375 0.05 0.0453125
1 0.8703125 0.60078125 0.04375 0.0484375
1 0.94453125 0.596875 0.0390625 0.03125
1 0.94453125 0.56015625 0.0578125 0.0390625