1 0.3546875 0.1671875 0.040625 0.040625
1 0.40625 0.18046875 0.04375 0.0484375
1 0.68984375 0.23515625 0.1203125 0.0578125
1 0.390625 0.3390625 0.1125 0.053125
1 0.52265625 0.36171875 0.1515625 0.0703125
1 0.734375 0.4109375 0.103125 0.053125
1 0.84609375 0.43515625 0.0671875 0.0578125
1 0.90625 0.2765625 0.053125 0.04375
1 0.3375 0.54296875 0.15625 0.0671875
1 0.4953125 0.56953125 0.10625 0.0578125
1 0.6515625 0.59609375 0.053125 0.0484375
1 0.71015625 0.61171875 0.0453125 0.0546875
1 0.75859375 0.62734375 0.0546875 0.0578125
1 0.890625 0.6515625 0.146875 0.053125
1 0.51171875 0.62734375 0.0671875 0.0671875
1 0.44921875 0.7109375 0.0671875 0.0625
1 0.44921875 0.78125 0.0578125 0.053125
1 0.54453125 0.84609375 0.0890625 0.0671875