1 0.61171875 0.1875 0.0890625 0.0625
1 0.49296875 0.2234375 0.0578125 0.053125
1 0.484375 0.29296875 0.075 0.0671875
1 0.53984375 0.38203125 0.0890625 0.0671875
1 0.91484375 0.4484375 0.1515625 0.040625
1 0.72734375 0.44609375 0.1328125 0.0359375
1 0.5203125 0.44453125 0.1125 0.0390625
1 0.34140625 0.44296875 0.1640625 0.0359375
1 0.4875 0.64921875 0.125 0.0390625
1 0.74296875 0.64765625 0.1109375 0.0265625
1 0.32578125 0.64296875 0.0796875 0.0265625
1 0.3328125 0.81015625 0.165625 0.0390625
1 0.65390625 0.8109375 0.1203125 0.03125
1 0.86640625 0.815625 0.1328125 0.03125