1 0.6984375 0.8015625 0.03125 0.03125
1 0.65703125 0.796875 0.0359375 0.03125
1 0.43046875 0.8109375 0.0765625 0.03125
1 0.24609375 0.81328125 0.0359375 0.0359375
1 0.12734375 0.81953125 0.0390625 0.0390625
1 0.55625 0.6359375 0.09375 0.03125
1 0.375 0.6453125 0.071875 0.040625
1 0.2859375 0.65 0.0625 0.03125
1 0.21875 0.4484375 0.14375 0.03125
1 0.40390625 0.43828125 0.0484375 0.0359375
1 0.36171875 0.43828125 0.0359375 0.0359375
1 0.53984375 0.43515625 0.1078125 0.0390625
1 0.66328125 0.42890625 0.1296875 0.0453125
1 0.51328125 0.375 0.0546875 0.053125
1 0.55546875 0.2859375 0.0484375 0.053125
1 0.54453125 0.21171875 0.0546875 0.0390625
1 0.4578125 0.17890625 0.075 0.0546875