1 0.80546875 0.4578125 0.0390625 0.040625
1 0.8171875 0.74140625 0.053125 0.0359375
1 0.94296875 0.765625 0.0359375 0.03125
1 0.9140625 0.80390625 0.03125 0.0453125
1 0.4890625 0.1046875 0.040625 0.03125
1 0.58671875 0.13359375 0.0390625 0.0359375
1 0.9484375 0.2390625 0.040625 0.040625
1 0.0625 0.34140625 0.04375 0.0390625
1 0.20546875 0.3796875 0.0359375 0.053125
1 0.7921875 0.39765625 0.05 0.0453125
1 0.8703125 0.39921875 0.04375 0.0484375
1 0.94453125 0.4046875 0.0390625 0.03125
1 0.94453125 0.43984375 0.0578125 0.0390625