1 0.1390625 0.484375 0.125 0.03125
1 0.33515625 0.49375 0.0453125 0.03125
1 0.27890625 0.49375 0.0390625 0.03125
1 0.48671875 0.4953125 0.1078125 0.01875
1 0.63203125 0.4984375 0.1390625 0.03125
1 0.4609375 0.53984375 0.0625 0.0359375
1 0.51328125 0.61171875 0.0546875 0.0453125
1 0.503125 0.671875 0.03125 0.03125
1 0.39375 0.70078125 0.0625 0.0453125
1 0.14296875 0.1859375 0.0359375 0.03125
1 0.01328125 0.18984375 0.0171875 0.0234375
1 0.36171875 0.1984375 0.0984375 0.021875
1 0.63046875 0.21015625 0.0265625 0.0359375
1 0.67890625 0.21171875 0.0359375 0.0390625
1 0.18984375 0.328125 0.0671875 0.021875
1 0.28984375 0.33046875 0.0984375 0.0265625
1 0.50703125 0.33671875 0.1203125 0.0234375