1 0.640625 0.54921875 0.040625 0.0546875
1 0.41484375 0.52734375 0.0359375 0.0359375
1 0.62109375 0.47578125 0.0359375 0.0390625
1 0.596875 0.41484375 0.03125 0.0359375
1 0.5703125 0.91953125 0.03125 0.0453125
1 0.53828125 0.82578125 0.0234375 0.0359375
1 0.6765625 0.8015625 0.03125 0.03125
1 0.60234375 0.7078125 0.0453125 0.040625
1 0.34921875 0.64765625 0.0359375 0.0453125
1 0.40703125 0.64765625 0.0359375 0.0359375
1 0.59140625 0.6296875 0.0390625 0.053125
1 0.421875 0.5984375 0.03125 0.04375