1 0.43984375 0.921875 0.0484375 0.05
1 0.47109375 0.88828125 0.0390625 0.0453125
1 0.33046875 0.8703125 0.0453125 0.053125
1 0.1921875 0.8125 0.04375 0.04375
1 0.9265625 0.921875 0.040625 0.05
1 0.77421875 0.859375 0.0578125 0.05
1 0.6359375 0.80390625 0.040625 0.0453125
1 0.36796875 0.69453125 0.0390625 0.0390625
1 0.1453125 0.55546875 0.05 0.0484375
1 0.0515625 0.53828125 0.040625 0.0484375
1 0.13359375 0.48671875 0.0453125 0.0453125
1 0.97734375 0.71171875 0.0359375 0.0484375
1 0.9 0.6828125 0.03125 0.04375
1 0.83515625 0.65625 0.0453125 0.053125
1 0.6984375 0.6046875 0.05 0.040625
1 0.55390625 0.546875 0.0453125 0.05
1 0.4171875 0.49296875 0.05 0.0484375
1 0.23671875 0.63203125 0.0453125 0.0484375
1 0.28125 0.43984375 0.04375 0.0484375
1 0.1453125 0.38359375 0.05 0.0453125
1 0.7609375 0.3953125 0.05 0.05
1 0.91328125 0.453125 0.0578125 0.05
1 0.61484375 0.34140625 0.0578125 0.0484375
1 0.4734375 0.2859375 0.04375 0.04375
1 0.32578125 0.2296875 0.0546875 0.05
1 0.17265625 0.1703125 0.0671875 0.0625
1 0.07890625 0.0859375 0.0578125 0.0625
1 0.03828125 0.1203125 0.0390625 0.04375
1 0.52109375 0.06484375 0.0578125 0.0484375