1 0.11171875 0.10234375 0.0546875 0.0546875
1 0.08671875 0.14921875 0.0484375 0.0390625
1 0.20625 0.1828125 0.0625 0.053125
1 0.0890625 0.375 0.04375 0.053125
1 0.11640625 0.4734375 0.0359375 0.04375
1 0.21640625 0.52265625 0.0390625 0.0546875
1 0.24140625 0.59140625 0.0546875 0.0578125
1 0.16328125 0.5984375 0.0390625 0.053125
1 0.08046875 0.5421875 0.0359375 0.05
1 0.08515625 0.59140625 0.0453125 0.0390625
1 0.08671875 0.78828125 0.0578125 0.0578125
1 0.53984375 0.9484375 0.0453125 0.05
1 0.44453125 0.91328125 0.0484375 0.0578125
1 0.83046875 0.61640625 0.0453125 0.0453125
1 0.96640625 0.65625 0.0484375 0.053125
1 0.68515625 0.79453125 0.0390625 0.0359375
1 0.81484375 0.83515625 0.0484375 0.0546875
1 0.94609375 0.88359375 0.0453125 0.0546875
1 0.72578125 0.34140625 0.0390625 0.0390625
1 0.33515625 0.46171875 0.0546875 0.0390625
1 0.4578125 0.49609375 0.040625 0.0359375
1 0.59375 0.30546875 0.04375 0.0390625
1 0.3390625 0.2296875 0.04375 0.040625
1 0.58046875 0.5359375 0.0453125 0.04375