1 0.8625 0.515625 0.125 0.03125
1 0.66484375 0.5078125 0.0453125 0.03125
1 0.72109375 0.5078125 0.0390625 0.03125
1 0.51328125 0.5046875 0.1078125 0.01875
1 0.36796875 0.503125 0.1390625 0.03125
1 0.540625 0.46015625 0.0625 0.0359375
1 0.48671875 0.38828125 0.0546875 0.0453125
1 0.4984375 0.328125 0.03125 0.03125
1 0.6078125 0.29921875 0.0625 0.0453125
1 0.85703125 0.815625 0.0359375 0.03125
1 0.98671875 0.81015625 0.0171875 0.0234375
1 0.63828125 0.8015625 0.0984375 0.021875
1 0.37109375 0.78984375 0.0265625 0.0359375
1 0.32109375 0.78828125 0.0359375 0.0390625
1 0.81015625 0.671875 0.0671875 0.021875
1 0.71015625 0.66953125 0.0984375 0.0265625
1 0.49296875 0.66328125 0.1203125 0.0234375