1 0.15390625 0.1703125 0.0390625 0.0625
1 0.24140625 0.24140625 0.0546875 0.0546875
1 0.13828125 0.22109375 0.0546875 0.0390625
1 0.78984375 0.63203125 0.0453125 0.0578125
1 0.265625 0.58125 0.05 0.0625
1 0.28125 0.64765625 0.053125 0.0546875
1 0.221875 0.65390625 0.03125 0.0484375
1 0.1609375 0.84609375 0.04375 0.0484375
1 0.578125 0.9421875 0.05 0.04375
1 0.56015625 0.97734375 0.0484375 0.0359375
1 0.47109375 0.953125 0.0484375 0.040625
1 0.46875 0.53828125 0.053125 0.0484375
1 0.15 0.6046875 0.03125 0.040625
1 0.15390625 0.65390625 0.0390625 0.0390625
1 0.1765625 0.53828125 0.040625 0.0390625
1 0.56953125 0.5671875 0.0484375 0.053125
1 0.6828125 0.60234375 0.04375 0.0546875
1 0.36796875 0.9109375 0.0390625 0.04375
1 0.3640625 0.71875 0.040625 0.04375
1 0.6875 0.375 0.04375 0.04375
1 0.57109375 0.34140625 0.0359375 0.0484375
1 0.90625 0.66484375 0.04375 0.0703125
1 0.89296875 0.88828125 0.0453125 0.0546875
1 0.77890625 0.85078125 0.0390625 0.0390625
1 0.6765625 0.81953125 0.05 0.0390625