1 0.5421875 0.7796875 0.03125 0.03125
1 0.63359375 0.78671875 0.0359375 0.0265625
1 0.68125 0.72421875 0.03125 0.0265625
1 0.47109375 0.55859375 0.0671875 0.0265625
1 0.4421875 0.503125 0.071875 0.03125
1 0.50234375 0.53984375 0.0484375 0.0265625
1 0.5046875 0.51796875 0.053125 0.0171875
1 0.73515625 0.34140625 0.0671875 0.0234375
1 0.40859375 0.378125 0.0578125 0.03125
1 0.3390625 0.35703125 0.04375 0.0171875
1 0.32578125 0.37734375 0.0453125 0.0234375
1 0.33671875 0.33671875 0.0484375 0.0234375
1 0.375 0.3203125 0.0625 0.03125