1 0.52265625 0.46484375 0.0359375 0.0265625
1 0.453125 0.48203125 0.05 0.0265625
1 0.421875 0.65234375 0.05 0.0359375
1 0.34609375 0.66953125 0.0484375 0.0171875
1 0.34609375 0.69609375 0.0484375 0.0359375
1 0.7375 0.71953125 0.0625 0.0265625
1 0.384375 0.72421875 0.0625 0.0265625
1 0.57109375 0.11171875 0.0359375 0.0265625
1 0.66171875 0.1140625 0.0265625 0.03125
1 0.70546875 0.203125 0.0359375 0.05
1 0.73203125 0.28984375 0.1171875 0.0453125
1 0.3328125 0.38828125 0.040625 0.0265625
1 0.48984375 0.40859375 0.0671875 0.0234375
1 0.5265625 0.43828125 0.053125 0.0265625