1 0.9171875 0.34375 0.05 0.053125
1 0.8484375 0.35546875 0.0625 0.0578125
1 0.8546875 0.1296875 0.05 0.04375
1 0.70078125 0.1609375 0.0453125 0.053125
1 0.5734375 0.02890625 0.05 0.0390625
1 0.5546875 0.0109375 0.0625 0.0125
1 0.41953125 0.02421875 0.0546875 0.0390625
1 0.11015625 0.37265625 0.0578125 0.0578125
1 0.05546875 0.2921875 0.0484375 0.05
1 0.11171875 0.25859375 0.0453125 0.0453125
1 0.14609375 0.29296875 0.0578125 0.0671875
1 0.05390625 0.696875 0.0796875 0.0625
1 0.21015625 0.671875 0.0703125 0.05
1 0.3703125 0.64921875 0.071875 0.0390625
1 0.52890625 0.625 0.0671875 0.04375
1 0.6921875 0.60234375 0.071875 0.0453125
1 0.19609375 0.91328125 0.0546875 0.0390625
1 0.02421875 0.9578125 0.0390625 0.075
1 0.3546875 0.8953125 0.05 0.040625
1 0.39140625 0.42421875 0.0578125 0.0453125
1 0.53984375 0.39765625 0.0703125 0.0453125
1 0.27265625 0.03984375 0.0546875 0.0359375
1 0.1359375 0.05859375 0.075 0.0359375
1 0.24140625 0.4484375 0.0453125 0.040625
1 0.08515625 0.4671875 0.0453125 0.03125
1 0.40390625 0.2078125 0.0390625 0.040625