1 0.58359375 0.48671875 0.0671875 0.0453125
1 0.64375 0.61640625 0.0625 0.0546875
1 0.55390625 0.546875 0.0546875 0.05
1 0.56484375 0.59609375 0.0390625 0.0390625
1 0.34375 0.72109375 0.071875 0.0578125
1 0.46015625 0.66953125 0.0546875 0.0359375
1 0.31484375 0.671875 0.0390625 0.03125
1 0.28984375 0.8171875 0.0453125 0.0625
1 0.3171875 0.4015625 0.04375 0.04375
1 0.2734375 0.46015625 0.0625 0.0453125
1 0.32109375 0.546875 0.0703125 0.05
1 0.290625 0.62265625 0.0625 0.0671875
1 0.35703125 0.3234375 0.0265625 0.040625
1 0.3640625 0.36171875 0.03125 0.0359375
1 0.43046875 0.49296875 0.0578125 0.0234375