1 0.640625 0.45078125 0.040625 0.0546875
1 0.41484375 0.47421875 0.0359375 0.0359375
1 0.62109375 0.52421875 0.0359375 0.0390625
1 0.596875 0.58515625 0.03125 0.0359375
1 0.5703125 0.08046875 0.03125 0.0453125
1 0.53828125 0.17421875 0.0234375 0.0359375
1 0.6765625 0.1984375 0.03125 0.03125
1 0.60234375 0.2921875 0.0453125 0.040625
1 0.34921875 0.35234375 0.0359375 0.0453125
1 0.40703125 0.35234375 0.0359375 0.0359375
1 0.59140625 0.3703125 0.0390625 0.053125
1 0.421875 0.4015625 0.03125 0.04375