1 0.09609375 0.16328125 0.0484375 0.0859375
1 0.10234375 0.09375 0.0546875 0.053125
1 0.1953125 0.1765625 0.03125 0.040625
1 0.346875 0.2078125 0.03125 0.084375
1 0.4 0.21015625 0.03125 0.0703125
1 0.421875 0.22734375 0.040625 0.0546875
1 0.63359375 0.046875 0.0359375 0.084375
1 0.50546875 0.0265625 0.0359375 0.04375
1 0.484375 0.02890625 0.03125 0.0484375
1 0.765625 0.27265625 0.021875 0.0453125
1 0.7578125 0.21875 0.03125 0.04375
1 0.36875 0.52265625 0.03125 0.0265625
1 0.171875 0.41484375 0.040625 0.0703125
1 0.18046875 0.32109375 0.0390625 0.0546875
1 0.1953125 0.40625 0.03125 0.08125
1 0.36171875 0.02265625 0.0265625 0.0359375