1 0.48515625 0.52421875 0.0578125 0.0578125
1 0.34609375 0.4875 0.0859375 0.0625
1 0.46171875 0.47578125 0.0859375 0.0578125
1 0.60078125 0.453125 0.0484375 0.05
1 0.65390625 0.4421875 0.0390625 0.04375
1 0.8171875 0.4171875 0.04375 0.05
1 0.39609375 0.28359375 0.0671875 0.0484375
1 0.6203125 0.2453125 0.0625 0.053125
1 0.2484375 0.15234375 0.03125 0.0359375
1 0.29453125 0.140625 0.0453125 0.040625
1 0.55234375 0.09609375 0.0578125 0.0484375
1 0.74296875 0.0671875 0.0390625 0.04375
1 0.875 0.0515625 0.04375 0.040625
1 0.5578125 0.70859375 0.0625 0.0578125
1 0.4640625 0.6875 0.04375 0.04375
1 0.4484375 0.62265625 0.05 0.0578125