1 0.64296875 0.59921875 0.0546875 0.0359375
1 0.56015625 0.58984375 0.0390625 0.0359375
1 0.5359375 0.55390625 0.04375 0.0359375
1 0.55546875 0.49609375 0.0578125 0.0359375
1 0.3015625 0.8125 0.03125 0.053125
1 0.35703125 0.7296875 0.0265625 0.03125
1 0.32578125 0.71875 0.0359375 0.04375
1 0.26171875 0.6359375 0.0671875 0.03125
1 0.265625 0.5734375 0.021875 0.03125
1 0.3015625 0.5734375 0.03125 0.03125
1 0.25078125 0.45078125 0.0359375 0.0359375
1 0.45546875 0.66953125 0.0453125 0.0265625
1 0.2890625 0.39765625 0.03125 0.0265625
1 0.7390625 0.62578125 0.040625 0.0265625
1 0.15390625 0.71171875 0.0390625 0.0234375