1 0.54765625 0.54921875 0.0578125 0.0546875
1 0.5203125 0.48515625 0.05 0.0578125
1 0.53671875 0.42890625 0.0359375 0.0453125
1 0.60078125 0.41328125 0.0484375 0.0484375
1 0.31484375 0.64765625 0.0390625 0.0453125
1 0.32109375 0.48671875 0.0546875 0.0546875
1 0.28828125 0.40625 0.0578125 0.0625
1 0.27421875 0.57578125 0.0484375 0.0546875
1 0.33515625 0.30234375 0.0546875 0.0578125
1 0.2890625 0.1921875 0.03125 0.071875
1 0.31015625 0.34609375 0.0390625 0.0390625
1 0.18515625 0.33671875 0.0484375 0.0390625
1 0.43515625 0.35234375 0.0484375 0.0453125
1 0.35234375 0.68984375 0.0265625 0.0484375
1 0.34921875 0.72421875 0.0359375 0.0359375
1 0.05390625 0.3328125 0.0453125 0.040625