1 0.4578125 0.7796875 0.03125 0.03125
1 0.36640625 0.78671875 0.0359375 0.0265625
1 0.3203125 0.72421875 0.03125 0.0265625
1 0.52890625 0.55859375 0.0671875 0.0265625
1 0.5578125 0.503125 0.071875 0.03125
1 0.49765625 0.53984375 0.0484375 0.0265625
1 0.4953125 0.51796875 0.053125 0.0171875
1 0.26640625 0.34140625 0.0671875 0.0234375
1 0.59140625 0.378125 0.0578125 0.03125
1 0.6609375 0.35703125 0.04375 0.0171875
1 0.67421875 0.37734375 0.0453125 0.0234375
1 0.66328125 0.33671875 0.0484375 0.0234375
1 0.625 0.3203125 0.0625 0.03125