1 0.28828125 0.39296875 0.0390625 0.0546875
1 0.82109375 0.2421875 0.0546875 0.0625
1 0.94609375 0.2140625 0.0359375 0.04375
1 0.91328125 0.91953125 0.0390625 0.0546875
1 0.91484375 0.165625 0.0453125 0.0625
1 0.91953125 0.703125 0.0453125 0.05
1 0.765625 0.7015625 0.05 0.0625
1 0.84140625 0.69921875 0.0484375 0.0578125
1 0.11640625 0.69453125 0.0359375 0.0578125
1 0.1765625 0.67265625 0.05 0.0671875
1 0.921875 0.65234375 0.040625 0.0359375
1 0.78671875 0.62265625 0.0359375 0.0578125
1 0.5515625 0.58046875 0.05 0.0453125