1 0.47734375 0.8953125 0.0546875 0.05
1 0.09609375 0.703125 0.0390625 0.05
1 0.11640625 0.53359375 0.0453125 0.0484375
1 0.11875 0.4890625 0.03125 0.05
1 0.24296875 0.5546875 0.0390625 0.0625
1 0.21484375 0.58515625 0.0265625 0.0359375
1 0.1859375 0.546875 0.03125 0.040625
1 0.234375 0.4890625 0.040625 0.05
1 0.86171875 0.68046875 0.0453125 0.0578125
1 0.39296875 0.84609375 0.0546875 0.0484375
1 0.71640625 0.81953125 0.0484375 0.0578125
1 0.8015625 0.6515625 0.021875 0.053125
1 0.7453125 0.625 0.04375 0.0625
1 0.65 0.5828125 0.03125 0.05
1 0.2921875 0.79921875 0.040625 0.0453125
1 0.54453125 0.53828125 0.0546875 0.0484375
1 0.44453125 0.49140625 0.0484375 0.0546875
1 0.25703125 0.196875 0.0578125 0.0625
1 0.18515625 0.1171875 0.0390625 0.0625
1 0.15703125 0.15234375 0.0359375 0.0359375
1 0.15390625 0.42890625 0.0390625 0.0546875
1 0.34140625 0.44453125 0.0390625 0.0484375
1 0.68515625 0.3890625 0.0484375 0.0625
1 0.36796875 0.25 0.0484375 0.04375
1 0.6140625 0.765625 0.040625 0.05
1 0.82109375 0.87265625 0.0359375 0.0390625
1 0.41328125 0.67421875 0.0484375 0.0546875