1 0.82578125 0.52890625 0.0265625 0.0390625
1 0.38828125 0.4890625 0.0453125 0.040625
1 0.7140625 0.4734375 0.0625 0.04375
1 0.671875 0.39375 0.040625 0.0625
1 0.84453125 0.34609375 0.0359375 0.0390625
1 0.628125 0.33671875 0.03125 0.0390625
1 0.63359375 0.3015625 0.0359375 0.03125
1 0.6765625 0.8890625 0.03125 0.0625
1 0.61171875 0.78203125 0.0359375 0.0359375
1 0.6453125 0.76796875 0.03125 0.0453125
1 0.96640625 0.74609375 0.0390625 0.0265625
1 0.8109375 0.73203125 0.03125 0.0265625
1 0.65703125 0.71953125 0.0359375 0.0359375
1 0.5109375 0.7078125 0.040625 0.03125
1 0.37109375 0.69453125 0.0359375 0.0234375
1 0.7078125 0.6859375 0.03125 0.03125
1 0.68984375 0.65234375 0.0671875 0.0359375
1 0.31484375 0.63828125 0.0484375 0.0453125
1 0.39921875 0.61640625 0.0390625 0.0359375
1 0.65390625 0.57578125 0.0578125 0.0453125
1 0.41328125 0.56484375 0.0390625 0.0390625