1 0.49296875 0.6015625 0.0484375 0.03125
1 0.52890625 0.5703125 0.0390625 0.03125
1 0.4578125 0.53671875 0.05 0.0265625
1 0.525 0.54453125 0.03125 0.0171875
1 0.40859375 0.3859375 0.0578125 0.040625
1 0.3421875 0.37109375 0.03125 0.0265625
1 0.3328125 0.34921875 0.05 0.0265625
1 0.36796875 0.3203125 0.0484375 0.03125
1 0.71640625 0.2890625 0.0578125 0.03125
1 0.59609375 0.86171875 0.0234375 0.0265625
1 0.7265625 0.76796875 0.03125 0.0359375
1 0.34140625 0.640625 0.0390625 0.03125
1 0.6859375 0.85234375 0.03125 0.0359375