1 0.71171875 0.60703125 0.0390625 0.0546875
1 0.17890625 0.759375 0.0546875 0.0625
1 0.05390625 0.7859375 0.0359375 0.04375
1 0.08671875 0.08046875 0.0390625 0.0546875
1 0.08515625 0.8359375 0.0453125 0.0625
1 0.08046875 0.296875 0.0453125 0.05
1 0.234375 0.3 0.05 0.0625
1 0.15859375 0.30234375 0.0484375 0.0578125
1 0.88359375 0.30546875 0.0359375 0.0578125
1 0.8234375 0.32890625 0.05 0.0671875
1 0.078125 0.34921875 0.040625 0.0359375
1 0.21484375 0.37734375 0.0359375 0.0578125
1 0.4484375 0.41953125 0.05 0.0453125