1 0.12734375 0.5265625 0.0390625 0.071875
1 0.471875 0.9484375 0.03125 0.09375
1 0.35234375 0.46015625 0.0359375 0.0265625
1 0.1015625 0.37578125 0.09375 0.2140625
1 0.21484375 0.89296875 0.0359375 0.0453125
1 0.4578125 0.87734375 0.040625 0.0859375
1 0.6140625 0.8703125 0.05 0.115625
1 0.30859375 0.84921875 0.0359375 0.0265625
1 0.03984375 0.80234375 0.0703125 0.0671875
1 0.11796875 0.7390625 0.0671875 0.084375
1 0.03828125 0.73515625 0.0671875 0.0671875
1 0.76328125 0.72734375 0.0265625 0.0265625
1 0.3640625 0.71171875 0.03125 0.0578125
1 0.30625 0.69609375 0.03125 0.0453125
1 0.3953125 0.69453125 0.021875 0.0578125
1 0.77890625 0.68125 0.0390625 0.03125
1 0.13203125 0.60703125 0.0390625 0.0546875