1 0.39375 0.328125 0.0625 0.021875
1 0.34140625 0.36796875 0.0578125 0.0234375
1 0.34921875 0.38828125 0.0359375 0.0265625
1 0.4375 0.39296875 0.071875 0.0265625
1 0.49765625 0.5421875 0.0671875 0.021875
1 0.578125 0.546875 0.05 0.021875
1 0.58515625 0.5734375 0.0546875 0.021875
1 0.54453125 0.6046875 0.0703125 0.03125
1 0.8125 0.30546875 0.08125 0.0234375
1 0.66171875 0.84375 0.0265625 0.01875
1 0.81796875 0.7609375 0.0265625 0.021875
1 0.76796875 0.8421875 0.0359375 0.03125
1 0.35703125 0.640625 0.0265625 0.021875