1 0.265625 0.53828125 0.175 0.0390625
1 0.446875 0.5515625 0.125 0.040625
1 0.625 0.56953125 0.053125 0.0390625
1 0.69453125 0.578125 0.0484375 0.040625
1 0.87265625 0.59609375 0.1296875 0.0390625
1 0.4734375 0.60703125 0.08125 0.0546875
1 0.4015625 0.6875 0.0625 0.04375
1 0.40625 0.75859375 0.0625 0.0453125
1 0.52421875 0.81015625 0.0765625 0.0390625
1 0.25703125 0.1828125 0.0484375 0.04375
1 0.3234375 0.19296875 0.040625 0.0359375
1 0.64296875 0.2296875 0.0984375 0.03125
1 0.8953125 0.25546875 0.040625 0.0359375
1 0.4375 0.359375 0.125 0.040625
1 0.70546875 0.390625 0.1078125 0.040625