1 0.58046875 0.49140625 0.0453125 0.0453125
1 0.5578125 0.5625 0.04375 0.0625
1 0.56953125 0.61171875 0.0390625 0.0546875
1 0.63203125 0.63203125 0.0390625 0.0484375
1 0.36171875 0.4015625 0.0265625 0.04375
1 0.32578125 0.46640625 0.0453125 0.0484375
1 0.36796875 0.56953125 0.0484375 0.0578125
1 0.34609375 0.64921875 0.0578125 0.0671875
1 0.39140625 0.7546875 0.0578125 0.053125
1 0.3734375 0.70546875 0.03125 0.0359375
1 0.3546875 0.85703125 0.040625 0.0703125
1 0.40234375 0.3546875 0.0265625 0.05
1 0.39296875 0.31796875 0.0265625 0.0359375