1 0.421875 0.87578125 0.103125 0.0265625
1 0.56015625 0.71015625 0.1203125 0.0359375
1 0.3515625 0.71015625 0.09375 0.0265625
1 0.2140625 0.878125 0.04375 0.03125
1 0.07109375 0.88203125 0.0546875 0.0390625
1 0.25703125 0.7078125 0.0859375 0.03125
1 0.35078125 0.50546875 0.1734375 0.0359375
1 0.196875 0.50546875 0.125 0.0359375
1 0.68984375 0.5 0.1484375 0.04375
1 0.54765625 0.50234375 0.1296875 0.0390625
1 0.51640625 0.446875 0.0671875 0.0625
1 0.56484375 0.35546875 0.0578125 0.0578125
1 0.55390625 0.28359375 0.0453125 0.0484375
1 0.45078125 0.24140625 0.0546875 0.0453125
1 0.68984375 0.8734375 0.1390625 0.03125