1 0.9296875 0.46640625 0.125 0.1921875
1 0.65390625 0.53203125 0.0390625 0.0265625
1 0.8828125 0.609375 0.09375 0.084375
1 0.85703125 0.68984375 0.0546875 0.0484375
1 0.16953125 0.69453125 0.0546875 0.0390625
1 0.171875 0.7390625 0.040625 0.03125
1 0.6671875 0.75 0.040625 0.04375
1 0.59140625 0.75234375 0.0578125 0.0671875
1 0.84609375 0.78828125 0.0484375 0.0390625
1 0.94296875 0.85234375 0.0984375 0.1515625
1 0.31953125 0.88828125 0.0671875 0.0984375
1 0.47578125 0.92890625 0.1109375 0.1328125
1 0.734375 0.9484375 0.03125 0.03125